    J           age   Dist      Z            Do          Size             Y   Conc
    1   0.00 298.70   0.00   6.52   0.17   0.00   0.00   6.54   1.00   5.00   0.77
    2   0.00   9.80   0.00  14.74   0.37   0.00   0.00   8.24   0.00   2.00   0.24
    3   0.00  32.80   0.00  19.84   0.50   0.00   0.00   5.11   0.00   0.43   0.09
    4   0.00  32.80   0.00  24.95   0.53   0.00   0.00   5.11   0.00   0.29   0.06
    5   0.00  32.80   0.00  30.35   0.54   0.00   0.00   5.40   0.00   0.29   0.05
    6   0.00  32.80   0.00  35.76   0.56   0.00   0.00   5.41   0.00   0.19   0.04
    7   0.00  32.80   0.00  41.73   0.54   0.00   0.00   5.97   0.00   0.29   0.05
    8   0.00  32.80   0.00  47.74   0.56   0.00   0.00   6.01   0.00   0.19   0.03
    9   0.00  32.80   0.00  53.93   0.56   0.00   0.00   6.19   0.00   0.19   0.03
   10   0.00  32.80   0.00  60.15   0.57   0.00   0.00   6.22   0.00   0.13   0.02
   11   0.00  56.00   0.00  68.83   0.58   0.00   0.00   8.69   0.00   0.16   0.02
   12   0.00  50.90  54.23  54.23   0.58   5.78  50.90   5.78   0.00   0.10   0.02
   13   0.00  50.70  59.31  59.31   0.58   5.77  50.70   5.77   0.00   0.10   0.02
   14   0.00  49.40  58.96  58.96   0.58   5.02  49.40   5.02   0.00   0.07   0.01
   15   0.00  50.40  68.88  68.88   0.58   5.78  50.40   5.78   0.00   0.10   0.02
   16   0.00  49.10  67.85  67.85   0.58   5.03  49.10   5.03   0.00   0.07   0.01
   17   0.00  43.50  50.95  50.95   0.58   6.45  43.50   6.45   0.00   0.12   0.02
   18   0.00  49.80  83.28  83.28   0.58   5.77  49.80   5.77   0.00   0.10   0.02
   19   0.00  48.50  81.24  81.24   0.58   5.02  48.50   5.02   0.00   0.07   0.01
   20   0.00  42.90  61.87  61.87   0.58   6.45  42.90   6.45   0.00   0.12   0.02
   21   0.00  42.70  67.47  67.47   0.58   6.45  42.70   6.45   0.00   0.12   0.02
   22   0.00  40.20  60.36  60.36   0.58   5.01  40.20   5.01   0.00   0.08   0.02
   23   0.00  48.80 106.75 106.75   0.58   5.77  48.80   5.77   0.00   0.10   0.02
   24   0.00  47.50 103.78 103.78   0.58   5.03  47.50   5.03   0.00   0.07   0.01
   25   0.00  41.90  81.37  81.37   0.58   6.45  41.90   6.45   0.00   0.12   0.02
   26   0.00  41.70  86.64  86.64   0.58   6.45  41.70   6.45   0.00   0.12   0.02
   27   0.00  39.20  76.18  76.18   0.58   5.01  39.20   5.01   0.00   0.08   0.02
   28   0.00  41.30  95.39  95.39   0.58   6.40  41.30   6.40   0.00   0.12   0.02
   29   0.00  38.90  84.75  84.75   0.58   5.02  38.90   5.02   0.00   0.08   0.02
   30   0.00  34.50  68.68  68.68   0.58   7.15  34.50   7.15   0.00   0.13   0.02
   31   0.00  55.90  68.96  68.96   0.58   8.66  55.90   8.66   0.00   0.16   0.02
   32   0.00  50.90  54.33  54.33   0.58   5.81  50.90   5.81   0.00   0.10   0.02
   33   0.00  50.70  59.42  59.42   0.58   5.77  50.70   5.77   0.00   0.10   0.02
   34   0.00  49.40  58.95  58.95   0.58   5.03  49.40   5.03   0.00   0.07   0.01
   35   0.00  50.40  68.99  68.99   0.58   5.78  50.40   5.78   0.00   0.10   0.02
   36   0.00  49.10  67.95  67.95   0.58   5.03  49.10   5.03   0.00   0.07   0.01
   37   0.00  43.50  51.01  51.01   0.58   6.45  43.50   6.45   0.00   0.12   0.02
   38   0.00  49.80  83.40  83.40   0.58   5.78  49.80   5.78   0.00   0.10   0.02
   39   0.00  48.50  81.35  81.35   0.58   5.03  48.50   5.03   0.00   0.07   0.01
   40   0.00  42.90  61.94  61.94   0.58   6.45  42.90   6.45   0.00   0.12   0.02
   41   0.00  42.70  67.54  67.54   0.58   6.45  42.70   6.45   0.00   0.12   0.02
   42   0.00  40.20  60.42  60.42   0.58   5.01  40.20   5.01   0.00   0.08   0.02
   43   0.00  48.70 106.25 106.25   0.58   5.77  48.70   5.77   0.00   0.10   0.02
   44   0.00  47.40 103.33 103.33   0.58   5.02  47.40   5.02   0.00   0.07   0.01
   45   0.00  41.80  80.93  80.93   0.58   6.44  41.80   6.44   0.00   0.12   0.02
   46   0.00  41.60  86.19  86.19   0.58   6.45  41.60   6.45   0.00   0.12   0.02
   47   0.00  39.10  75.87  75.87   0.58   5.01  39.10   5.01   0.00   0.08   0.02
   48   0.00  41.30  95.67  95.67   0.58   6.46  41.30   6.46   0.00   0.12   0.02
   49   0.00  38.80  84.47  84.47   0.58   5.02  38.80   5.02   0.00   0.08   0.02
   50   0.00  34.40  68.45  68.45   0.58   7.14  34.40   7.14   0.00   0.13   0.02
   51   0.00  55.90  69.26  69.26   0.58   8.68  55.90   8.68   0.00   0.16   0.02
   52   0.00  50.80  54.16  54.16   0.58   5.77  50.80   5.77   0.00   0.10   0.02
   53   0.00  50.60  59.24  59.24   0.58   5.77  50.60   5.77   0.00   0.10   0.02
   54   0.00  49.30  58.88  58.88   0.58   5.02  49.30   5.02   0.00   0.07   0.01
   55   0.00  50.30  68.81  68.81   0.58   5.77  50.30   5.77   0.00   0.10   0.02
   56   0.00  49.00  67.78  67.78   0.58   5.03  49.00   5.03   0.00   0.07   0.01
   57   0.00  43.40  50.92  50.92   0.58   6.45  43.40   6.45   0.00   0.12   0.02
   58   0.00  49.80  83.72  83.72   0.58   5.81  49.80   5.81   0.00   0.10   0.02
   59   0.00  48.40  81.12  81.12   0.58   5.00  48.40   5.00   0.00   0.07   0.01
   60   0.00  42.90  62.21  62.21   0.58   6.46  42.90   6.46   0.00   0.12   0.02
   61   0.00  42.60  67.31  67.31   0.58   6.40  42.60   6.40   0.00   0.12   0.02
   62   0.00  40.20  60.69  60.69   0.58   5.02  40.20   5.02   0.00   0.08   0.02
   63   0.00  48.70 106.60 106.60   0.58   5.77  48.70   5.77   0.00   0.10   0.02
   64   0.00  47.40 103.63 103.63   0.58   5.02  47.40   5.02   0.00   0.07   0.01
   65   0.00  41.80  81.22  81.22   0.58   6.45  41.80   6.45   0.00   0.12   0.02
   66   0.00  41.60  86.48  86.48   0.58   6.45  41.60   6.45   0.00   0.12   0.02
   67   0.00  39.10  76.04  76.04   0.58   5.01  39.10   5.01   0.00   0.08   0.02
   68   0.00  41.30  95.96  95.96   0.58   6.46  41.30   6.46   0.00   0.12   0.02
   69   0.00  38.80  84.64  84.64   0.58   5.02  38.80   5.02   0.00   0.08   0.02
   70   0.00  34.40  68.58  68.58   0.58   7.14  34.40   7.14   0.00   0.13   0.02
   71   0.00  56.00  69.38  69.38   0.58   8.69  56.00   8.69   0.00   0.16   0.02
   72   0.00  50.90  54.23  54.23   0.58   5.78  50.90   5.78   0.00   0.10   0.02
   73   0.00  50.70  59.31  59.31   0.58   5.77  50.70   5.77   0.00   0.10   0.02
   74   0.00  49.40  58.96  58.96   0.58   5.02  49.40   5.02   0.00   0.07   0.01
   75   0.00  50.40  68.88  68.88   0.58   5.78  50.40   5.78   0.00   0.10   0.02
   76   0.00  49.10  67.85  67.85   0.58   5.03  49.10   5.03   0.00   0.07   0.01
   77   0.00  43.50  50.95  50.95   0.58   6.45  43.50   6.45   0.00   0.12   0.02
   78   0.00  49.80  83.28  83.28   0.58   5.77  49.80   5.77   0.00   0.10   0.02
   79   0.00  48.50  81.24  81.24   0.58   5.02  48.50   5.02   0.00   0.07   0.01
   80   0.00  42.90  61.88  61.88   0.58   6.45  42.90   6.45   0.00   0.12   0.02
   81   0.00  42.70  67.47  67.47   0.58   6.45  42.70   6.45   0.00   0.12   0.02
   82   0.00  40.20  60.36  60.36   0.58   5.01  40.20   5.01   0.00   0.08   0.02
   83   0.00  48.80 106.75 106.75   0.58   5.77  48.80   5.77   0.00   0.10   0.02
   84   0.00  47.50 103.78 103.78   0.58   5.03  47.50   5.03   0.00   0.07   0.01
   85   0.00  41.90  81.37  81.37   0.58   6.45  41.90   6.45   0.00   0.12   0.02
   86   0.00  41.70  86.64  86.64   0.58   6.45  41.70   6.45   0.00   0.12   0.02
   87   0.00  39.20  76.19  76.19   0.58   5.01  39.20   5.01   0.00   0.08   0.02
   88   0.00  41.30  95.39  95.39   0.58   6.40  41.30   6.40   0.00   0.12   0.02
   89   0.00  38.90  84.75  84.75   0.58   5.02  38.90   5.02   0.00   0.08   0.02
   90   0.00  34.50  68.68  68.68   0.58   7.15  34.50   7.15   0.00   0.13   0.02
   91   0.00  55.90  68.97  68.97   0.58   8.66  55.90   8.66   0.00   0.16   0.02
   92   0.00  50.90  54.33  54.33   0.58   5.81  50.90   5.81   0.00   0.10   0.02
   93   0.00  50.70  59.42  59.42   0.58   5.77  50.70   5.77   0.00   0.10   0.02
   94   0.00  49.40  58.95  58.95   0.58   5.03  49.40   5.03   0.00   0.07   0.01
   95   0.00  50.40  69.00  69.00   0.58   5.78  50.40   5.78   0.00   0.10   0.02
   96   0.00  49.10  67.95  67.95   0.58   5.03  49.10   5.03   0.00   0.07   0.01
   97   0.00  43.50  51.01  51.01   0.58   6.45  43.50   6.45   0.00   0.12   0.02
   98   0.00  49.80  83.40  83.40   0.58   5.78  49.80   5.78   0.00   0.10   0.02
   99   0.00  48.50  81.35  81.35   0.58   5.03  48.50   5.03   0.00   0.07   0.01
  100   0.00  42.90  61.94  61.94   0.58   6.45  42.90   6.45   0.00   0.12   0.02
  101   0.00  42.70  67.54  67.54   0.58   6.45  42.70   6.45   0.00   0.12   0.02
  102   0.00  40.20  60.43  60.43   0.58   5.01  40.20   5.01   0.00   0.08   0.02
  103   0.00  48.70 106.25 106.25   0.58   5.77  48.70   5.77   0.00   0.10   0.02
  104   0.00  47.40 103.33 103.33   0.58   5.02  47.40   5.02   0.00   0.07   0.01
  105   0.00  41.80  80.93  80.93   0.58   6.44  41.80   6.44   0.00   0.12   0.02
  106   0.00  41.60  86.19  86.19   0.58   6.45  41.60   6.45   0.00   0.12   0.02
  107   0.00  39.10  75.87  75.87   0.58   5.01  39.10   5.01   0.00   0.08   0.02
  108   0.00  41.30  95.67  95.67   0.58   6.46  41.30   6.46   0.00   0.12   0.02
  109   0.00  38.80  84.47  84.47   0.58   5.02  38.80   5.02   0.00   0.08   0.02
  110   0.00  34.40  68.45  68.45   0.58   7.14  34.40   7.14   0.00   0.13   0.02
  111   0.00  55.90  69.26  69.26   0.58   8.68  55.90   8.68   0.00   0.16   0.02
  112   0.00  50.80  54.16  54.16   0.58   5.77  50.80   5.77   0.00   0.10   0.02
  113   0.00  50.60  59.24  59.24   0.58   5.77  50.60   5.77   0.00   0.10   0.02
  114   0.00  49.30  58.88  58.88   0.58   5.02  49.30   5.02   0.00   0.07   0.01
  115   0.00  50.30  68.81  68.81   0.58   5.77  50.30   5.77   0.00   0.10   0.02
  116   0.00  49.00  67.78  67.78   0.58   5.03  49.00   5.03   0.00   0.07   0.01
  117   0.00  43.40  50.92  50.92   0.58   6.45  43.40   6.45   0.00   0.12   0.02
  118   0.00  49.80  83.72  83.72   0.58   5.81  49.80   5.81   0.00   0.10   0.02
  119   0.00  48.40  81.12  81.12   0.58   5.00  48.40   5.00   0.00   0.07   0.01
  120   0.00  42.90  62.22  62.22   0.58   6.46  42.90   6.46   0.00   0.12   0.02
  121   0.00  42.60  67.31  67.31   0.58   6.40  42.60   6.40   0.00   0.12   0.02
  122   0.00  40.20  60.69  60.69   0.58   5.02  40.20   5.02   0.00   0.08   0.02
  123   0.00  48.70 106.60 106.60   0.58   5.77  48.70   5.77   0.00   0.10   0.02
  124   0.00  47.40 103.63 103.63   0.58   5.02  47.40   5.02   0.00   0.07   0.01
  125   0.00  41.80  81.22  81.22   0.58   6.45  41.80   6.45   0.00   0.12   0.02
  126   0.00  41.60  86.48  86.48   0.58   6.45  41.60   6.45   0.00   0.12   0.02
  127   0.00  39.10  76.04  76.04   0.58   5.01  39.10   5.01   0.00   0.08   0.02
  128   0.00  41.30  95.97  95.97   0.58   6.46  41.30   6.46   0.00   0.12   0.02
  129   0.00  38.80  84.65  84.65   0.58   5.02  38.80   5.02   0.00   0.08   0.02
  130   0.00  34.40  68.58  68.58   0.58   7.14  34.40   7.14   0.00   0.13   0.02
  131   0.00  56.00  69.38  69.38   0.58   8.69  56.00   8.69   0.00   0.16   0.02
  132   0.00  50.90  54.23  54.23   0.58   5.78  50.90   5.78   0.00   0.10   0.02
  133   0.00  50.70  59.31  59.31   0.58   5.77  50.70   5.77   0.00   0.10   0.02
  134   0.00  49.40  58.96  58.96   0.58   5.02  49.40   5.02   0.00   0.07   0.01
  135   0.00  50.40  68.88  68.88   0.58   5.78  50.40   5.78   0.00   0.10   0.02
  136   0.00  49.10  67.85  67.85   0.58   5.03  49.10   5.03   0.00   0.07   0.01
  137   0.00  43.50  50.95  50.95   0.58   6.45  43.50   6.45   0.00   0.12   0.02
  138   0.00  49.80  83.28  83.28   0.58   5.77  49.80   5.77   0.00   0.10   0.02
  139   0.00  48.50  81.25  81.25   0.58   5.02  48.50   5.02   0.00   0.07   0.01
  140   0.00  42.90  61.88  61.88   0.58   6.45  42.90   6.45   0.00   0.12   0.02
  141   0.00  42.70  67.47  67.47   0.58   6.45  42.70   6.45   0.00   0.12   0.02
  142   0.00  40.20  60.36  60.36   0.58   5.01  40.20   5.01   0.00   0.08   0.02
  143   0.00  48.80 106.75 106.75   0.58   5.77  48.80   5.77   0.00   0.10   0.02
  144   0.00  47.50 103.78 103.78   0.58   5.03  47.50   5.03   0.00   0.07   0.01
  145   0.00  41.90  81.38  81.38   0.58   6.45  41.90   6.45   0.00   0.12   0.02
  146   0.00  41.70  86.64  86.64   0.58   6.45  41.70   6.45   0.00   0.12   0.02
  147   0.00  39.20  76.19  76.19   0.58   5.01  39.20   5.01   0.00   0.08   0.02
  148   0.00  41.30  95.39  95.39   0.58   6.40  41.30   6.40   0.00   0.12   0.02
  149   0.00  38.90  84.75  84.75   0.58   5.02  38.90   5.02   0.00   0.08   0.02
  150   0.00  34.50  68.68  68.68   0.58   7.15  34.50   7.15   0.00   0.13   0.02
  151   0.00  55.90  68.97  68.97   0.58   8.66  55.90   8.66   0.00   0.16   0.02
  152   0.00  50.90  54.34  54.34   0.58   5.81  50.90   5.81   0.00   0.10   0.02
  153   0.00  50.70  59.42  59.42   0.58   5.77  50.70   5.77   0.00   0.10   0.02
  154   0.00  49.40  58.95  58.95   0.58   5.03  49.40   5.03   0.00   0.07   0.01
  155   0.00  50.40  69.00  69.00   0.58   5.78  50.40   5.78   0.00   0.10   0.02
  156   0.00  49.10  67.95  67.95   0.58   5.03  49.10   5.03   0.00   0.07   0.01
  157   0.00  43.50  51.01  51.01   0.58   6.45  43.50   6.45   0.00   0.12   0.02
  158   0.00  49.80  83.40  83.40   0.58   5.78  49.80   5.78   0.00   0.10   0.02
  159   0.00  48.50  81.35  81.35   0.58   5.03  48.50   5.03   0.00   0.07   0.01
  160   0.00  42.90  61.94  61.94   0.58   6.45  42.90   6.45   0.00   0.12   0.02
  161   0.00  42.70  67.54  67.54   0.58   6.45  42.70   6.45   0.00   0.12   0.02
  162   0.00  40.20  60.43  60.43   0.58   5.01  40.20   5.01   0.00   0.08   0.02
  163   0.00  48.70 106.26 106.26   0.58   5.77  48.70   5.77   0.00   0.10   0.02
  164   0.00  47.40 103.33 103.33   0.58   5.02  47.40   5.02   0.00   0.07   0.01
  165   0.00  41.80  80.93  80.93   0.58   6.44  41.80   6.44   0.00   0.12   0.02
  166   0.00  41.60  86.19  86.19   0.58   6.45  41.60   6.45   0.00   0.12   0.02
  167   0.00  39.10  75.87  75.87   0.58   5.01  39.10   5.01   0.00   0.08   0.02
  168   0.00  41.30  95.68  95.68   0.58   6.46  41.30   6.46   0.00   0.12   0.02
  169   0.00  38.80  84.47  84.47   0.58   5.02  38.80   5.02   0.00   0.08   0.02
  170   0.00  34.40  68.45  68.45   0.58   7.14  34.40   7.14   0.00   0.13   0.02
  171   0.00  55.90  69.26  69.26   0.58   8.68  55.90   8.68   0.00   0.16   0.02
  172   0.00  50.80  54.16  54.16   0.58   5.77  50.80   5.77   0.00   0.10   0.02
  173   0.00  50.60  59.24  59.24   0.58   5.77  50.60   5.77   0.00   0.10   0.02
  174   0.00  49.30  58.89  58.89   0.58   5.02  49.30   5.02   0.00   0.07   0.01
  175   0.00  50.30  68.81  68.81   0.58   5.77  50.30   5.77   0.00   0.10   0.02
  176   0.00  49.00  67.78  67.78   0.58   5.03  49.00   5.03   0.00   0.07   0.01
  177   0.00  43.40  50.93  50.93   0.58   6.45  43.40   6.45   0.00   0.12   0.02
  178   0.00  49.80  83.72  83.72   0.58   5.81  49.80   5.81   0.00   0.10   0.02
  179   0.00  48.40  81.13  81.13   0.58   5.00  48.40   5.00   0.00   0.07   0.01
  180   0.00  42.90  62.22  62.22   0.58   6.46  42.90   6.46   0.00   0.12   0.02
  181   0.00  42.60  67.31  67.31   0.58   6.40  42.60   6.40   0.00   0.12   0.02
  182   0.00  40.20  60.69  60.69   0.58   5.02  40.20   5.02   0.00   0.08   0.02
  183   0.00  48.70 106.60 106.60   0.58   5.77  48.70   5.77   0.00   0.10   0.02
  184   0.00  47.40 103.64 103.64   0.58   5.02  47.40   5.02   0.00   0.07   0.01
  185   0.00  41.80  81.22  81.22   0.58   6.45  41.80   6.45   0.00   0.12   0.02
  186   0.00  41.60  86.48  86.48   0.58   6.45  41.60   6.45   0.00   0.12   0.02
  187   0.00  39.10  76.05  76.05   0.58   5.01  39.10   5.01   0.00   0.08   0.02
  188   0.00  41.30  95.97  95.97   0.58   6.46  41.30   6.46   0.00   0.12   0.02
  189   0.00  38.80  84.65  84.65   0.58   5.02  38.80   5.02   0.00   0.08   0.02
  190   0.00  34.40  68.58  68.58   0.58   7.14  34.40   7.14   0.00   0.13   0.02
  191   0.00  56.00  69.38  69.38   0.58   8.69  56.00   8.69   0.00   0.16   0.02
  192   0.00  50.90  54.23  54.23   0.58   5.78  50.90   5.78   0.00   0.10   0.02
  193   0.00  50.70  59.32  59.32   0.58   5.77  50.70   5.77   0.00   0.10   0.02
  194   0.00  49.40  58.96  58.96   0.58   5.02  49.40   5.02   0.00   0.07   0.01
  195   0.00  50.40  68.89  68.89   0.58   5.78  50.40   5.78   0.00   0.10   0.02
  196   0.00  49.10  67.85  67.85   0.58   5.03  49.10   5.03   0.00   0.07   0.01
  197   0.00  43.50  50.95  50.95   0.58   6.45  43.50   6.45   0.00   0.12   0.02
  198   0.00  49.80  83.28  83.28   0.58   5.77  49.80   5.77   0.00   0.10   0.02
  199   0.00  48.50  81.25  81.25   0.58   5.02  48.50   5.02   0.00   0.07   0.01
  200   0.00  42.90  61.88  61.88   0.58   6.45  42.90   6.45   0.00   0.12   0.02
  201   0.00  42.70  67.47  67.47   0.58   6.45  42.70   6.45   0.00   0.12   0.02
  202   0.00  40.20  60.36  60.36   0.58   5.01  40.20   5.01   0.00   0.08   0.02
  203   0.00  48.80 106.75 106.75   0.58   5.77  48.80   5.77   0.00   0.10   0.02
  204   0.00  47.50 103.78 103.78   0.58   5.03  47.50   5.03   0.00   0.07   0.01
  205   0.00  41.90  81.38  81.38   0.58   6.45  41.90   6.45   0.00   0.12   0.02
  206   0.00  41.70  86.64  86.64   0.58   6.45  41.70   6.45   0.00   0.12   0.02
  207   0.00  39.20  76.19  76.19   0.58   5.01  39.20   5.01   0.00   0.08   0.02
  208   0.00  41.30  95.39  95.39   0.58   6.40  41.30   6.40   0.00   0.12   0.02
  209   0.00  38.90  84.75  84.75   0.58   5.02  38.90   5.02   0.00   0.08   0.02
  210   0.00  34.50  68.69  68.69   0.58   7.15  34.50   7.15   0.00   0.13   0.02
  211   0.00  55.90  68.97  68.97   0.58   8.66  55.90   8.66   0.00   0.16   0.02
  212   0.00  50.90  54.34  54.34   0.58   5.81  50.90   5.81   0.00   0.10   0.02
  213   0.00  50.70  59.43  59.43   0.58   5.77  50.70   5.77   0.00   0.10   0.02
  214   0.00  49.40  58.96  58.96   0.58   5.03  49.40   5.03   0.00   0.07   0.01
  215   0.00  50.40  69.00  69.00   0.58   5.78  50.40   5.78   0.00   0.10   0.02
  216   0.00  49.10  67.96  67.96   0.58   5.03  49.10   5.03   0.00   0.07   0.01
  217   0.00  43.50  51.01  51.01   0.58   6.45  43.50   6.45   0.00   0.12   0.02
  218   0.00  49.80  83.40  83.40   0.58   5.78  49.80   5.78   0.00   0.10   0.02
  219   0.00  48.50  81.36  81.36   0.58   5.03  48.50   5.03   0.00   0.07   0.01
  220   0.00  42.90  61.94  61.94   0.58   6.45  42.90   6.45   0.00   0.12   0.02
  221   0.00  42.70  67.54  67.54   0.58   6.45  42.70   6.45   0.00   0.12   0.02
  222   0.00  40.20  60.43  60.43   0.58   5.01  40.20   5.01   0.00   0.08   0.02
  223   0.00  48.70 106.26 106.26   0.58   5.77  48.70   5.77   0.00   0.10   0.02
  224   0.00  47.40 103.34 103.34   0.58   5.02  47.40   5.02   0.00   0.07   0.01
  225   0.00  41.80  80.93  80.93   0.58   6.44  41.80   6.44   0.00   0.12   0.02
  226   0.00  41.60  86.19  86.19   0.58   6.45  41.60   6.45   0.00   0.12   0.02
  227   0.00  39.10  75.87  75.87   0.58   5.01  39.10   5.01   0.00   0.08   0.02
  228   0.00  41.30  95.68  95.68   0.58   6.46  41.30   6.46   0.00   0.12   0.02
  229   0.00  38.80  84.47  84.47   0.58   5.02  38.80   5.02   0.00   0.08   0.02
  230   0.00  34.40  68.46  68.46   0.58   7.14  34.40   7.14   0.00   0.13   0.02
  231   0.00   0.00   0.00   0.00   0.00   0.00   0.00   0.00   0.00   0.00   0.14
  232   0.00   0.00   0.00   0.00   0.00   0.00   0.00   0.00   0.00   0.00   0.00
  233   0.00   0.00   0.00   0.00   0.00   0.00   0.00   0.00   0.00   0.00   0.00
  234   0.00   0.00   0.00   0.00   0.00   0.00   0.00   0.00   0.00   0.00   0.00
  235   0.00   0.00   0.00   0.00   0.00   0.00   0.00   0.00   0.00   0.00   0.00
  236   0.00   0.00   0.00   0.00   0.00   0.00   0.00   0.00   0.00   0.00   0.00
  237   0.00   0.00   0.00   0.00   0.00   0.00   0.00   0.00   0.00   0.00   0.00
  238   0.00   0.00   0.00   0.00   0.00   0.00   0.00   0.00   0.00   0.00   0.00
  239   0.00   0.00   0.00   0.00   0.00   0.00   0.00   0.00   0.00   0.00   0.00
  240   0.00   0.00   0.00   0.00   0.00   0.00   0.00   0.00   0.00   0.00   0.00
  241   0.00   0.00   0.00   0.00   0.00   0.00   0.00   0.00   0.00   0.00   0.00
  242   0.00   0.00   0.00   0.00   0.00   0.00   0.00   0.00   0.00   0.00   0.00
  243   0.00   0.00   0.00   0.00   0.00   0.00   0.00   0.00   0.00   0.00   0.00
  244   0.00   0.00   0.00   0.00   0.00   0.00   0.00   0.00   0.00   0.00   0.00
  245   0.00   0.00   0.00   0.00   0.00   0.00   0.00   0.00   0.00   0.00   0.00
  246   0.00   0.00   0.00   0.00   0.00   0.00   0.00   0.00   0.00   0.00   0.00
  247   0.00   0.00   0.00   0.00   0.00   0.00   0.00   0.00   0.00   0.00   0.00
  248   0.00   0.00   0.00   0.00   0.00   0.00   0.00   0.00   0.00   0.00   0.00
  249   0.00   0.00   0.00   0.00   0.00   0.00   0.00   0.00   0.00   0.00   0.00
  250   0.00   0.00   0.00   0.00   0.00   0.00   0.00   0.00   0.00   0.00   0.00
  251   0.00   0.00   0.00   0.00   0.00   0.00   0.00   0.00   0.00   0.00   0.00
  252   0.00   0.00   0.00   0.00   0.00   0.00   0.00   0.00   0.00   0.00   0.00
  253   0.00   0.00   0.00   0.00   0.00   0.00   0.00   0.00   0.00   0.00   0.00
  254   0.00   0.00   0.00   0.00   0.00   0.00   0.00   0.00   0.00   0.00   0.00
  255   0.00   0.00   0.00   0.00   0.00   0.00   0.00   0.00   0.00   0.00   0.00
  256   0.00   0.00   0.00   0.00   0.00   0.00   0.00   0.00   0.00   0.00   0.00
  257   0.00   0.00   0.00   0.00   0.00   0.00   0.00   0.00   0.00   0.00   0.00
  258   0.00   0.00   0.00   0.00   0.00   0.00   0.00   0.00   0.00   0.00   0.00
  259   0.00   0.00   0.00   0.00   0.00   0.00   0.00   0.00   0.00   0.00   0.00
  260   0.00   0.00   0.00   0.00   0.00   0.00   0.00   0.00   0.00   0.00   0.00
  261   0.00   0.00   0.00   0.00   0.00   0.00   0.00   0.00   0.00   0.00   0.00
  262   0.00   0.00   0.00   0.00   0.00   0.00   0.00   0.00   0.00   0.00   0.00
  263   0.00   0.00   0.00   0.00   0.00   0.00   0.00   0.00   0.00   0.00   0.00
  264   0.00   0.00   0.00   0.00   0.00   0.00   0.00   0.00   0.00   0.00   0.00
  265   0.00   0.00   0.00   0.00   0.00   0.00   0.00   0.00   0.00   0.00   0.00
  266   0.00   0.00   0.00   0.00   0.00   0.00   0.00   0.00   0.00   0.00   0.00
  267   0.00   0.00   0.00   0.00   0.00   0.00   0.00   0.00   0.00   0.00   0.00
  268   0.00   0.00   0.00   0.00   0.00   0.00   0.00   0.00   0.00   0.00   0.00
  269   0.00   0.00   0.00   0.00   0.00   0.00   0.00   0.00   0.00   0.00   0.00
  270   0.00   0.00   0.00   0.00   0.00   0.00   0.00   0.00   0.00   0.00   0.00
  271   0.00   0.00   0.00   0.00   0.00   0.00   0.00   0.00   0.00   0.00   0.00
  272   0.00   0.00   0.00   0.00   0.00   0.00   0.00   0.00   0.00   0.00   0.00
  273   0.00   0.00   0.00   0.00   0.00   0.00   0.00   0.00   0.00   0.00   0.00
  274   0.00   0.00   0.00   0.00   0.00   0.00   0.00   0.00   0.00   0.00   0.00
  275   0.00   0.00   0.00   0.00   0.00   0.00   0.00   0.00   0.00   0.00   0.00
  276   0.00   0.00   0.00   0.00   0.00   0.00   0.00   0.00   0.00   0.00   0.00
  277   0.00   0.00   0.00   0.00   0.00   0.00   0.00   0.00   0.00   0.00   0.00
  278   0.00   0.00   0.00   0.00   0.00   0.00   0.00   0.00   0.00   0.00   0.00
  279   0.00   0.00   0.00   0.00   0.00   0.00   0.00   0.00   0.00   0.00   0.00
  280   0.00   0.00   0.00   0.00   0.00   0.00   0.00   0.00   0.00   0.00   0.00
  281   0.00   0.00   0.00   0.00   0.00   0.00   0.00   0.00   0.00   0.00   0.00
  282   0.00   0.00   0.00   0.00   0.00   0.00   0.00   0.00   0.00   0.00   0.00
  283   0.00   0.00   0.00   0.00   0.00   0.00   0.00   0.00   0.00   0.00   0.00
  284   0.00   0.00   0.00   0.00   0.00   0.00   0.00   0.00   0.00   0.00   0.00
  285   0.00   0.00   0.00   0.00   0.00   0.00   0.00   0.00   0.00   0.00   0.00
  286   0.00   0.00   0.00   0.00   0.00   0.00   0.00   0.00   0.00   0.00   0.00
  287   0.00   0.00   0.00   0.00   0.00   0.00   0.00   0.00   0.00   0.00   0.00
  288   0.00   0.00   0.00   0.00   0.00   0.00   0.00   0.00   0.00   0.00   0.00
  289   0.00   0.00   0.00   0.00   0.00   0.00   0.00   0.00   0.00   0.00   0.00
  290   0.00   0.00   0.00   0.00   0.00   0.00   0.00   0.00   0.00   0.00   0.00
  291   0.00   0.00   0.00   0.00   0.00   0.00   0.00   0.00   0.00   0.00   0.00
  292   0.00   0.00   0.00   0.00   0.00   0.00   0.00   0.00   0.00   0.00   0.00
  293   0.00   0.00   0.00   0.00   0.00   0.00   0.00   0.00   0.00   0.00   0.00
  294   0.00   0.00   0.00   0.00   0.00   0.00   0.00   0.00   0.00   0.00   0.00
  295   0.00   0.00   0.00   0.00   0.00   0.00   0.00   0.00   0.00   0.00   0.00
  296   0.00   0.00   0.00   0.00   0.00   0.00   0.00   0.00   0.00   0.00   0.00
  297   0.00   0.00   0.00   0.00   0.00   0.00   0.00   0.00   0.00   0.00   0.00
  298   0.00   0.00   0.00   0.00   0.00   0.00   0.00   0.00   0.00   0.00   0.00
  299   0.00   0.00   0.00   0.00   0.00   0.00   0.00   0.00   0.00   0.00   0.00
  300   0.00   0.00   0.00   0.00   0.00   0.00   0.00   0.00   0.00   0.00   0.00
